1 3
11 2
26 2
1 1 1 1 1
1 2 3 4 5
2 3 5 7 11
14
81
23
2
80
35
14
95
96
48
9
25
42
44
28
76
23
76
64
13
91
43
30
100
87
54
93
33
42
70
99
34
55
93
96
20
94
80
75
64
64
30
48
58
78
86
39
53
46
45
13
95
96
47
32
69
83
93
72
89
51
48
30
95
15
75
58
43
23
91
10
4
56
60
87
52
5
30
55
73
76
88
52
96
64
82
48
83
24
34
18
14
25
57
76
85
5
65
35
14
85 22
66 7
76 61
74 5
60 56
17 46
44 66
76 11
34 98
40 11
53 55
65 54
40 24
22 62
45 89
16 53
22 4
40 85
23 59
19 22
7 32
2 65
63 100
65 86
25 79
66 45
54 46
39 56
62 21
50 93
67 97
12 51
79 17
1 68
98 90
79 84
34 81
23 59
88 7
34 18
28 97
13 9
49 57
46 18
14 84
8 45
61 14
76 97
91 8
100 69
42 76
42 15
29 60
100 16
10 30
63 57
81 95
77 75
30 1
28 86
33 57
7 3
37 71
61 84
16 17
50 52
67 72
2 94
20 26
37 86
62 10
36 58
1 23
12 68
88 29
15 82
3 9
48 5
20 30
20 24
22 13
62 5
11 2
16 22
23 13
42 31
89 80
27 66
30 6
9 16
39 1
8 38
23 22
47 1
55 19
77 50
48 39
87 52
62 66
26 10
38 69 52
25 84 17
37 42 70
82 78 13
57 58 50
88 93 92
12 54 49
10 32 7
24 74 28
53 68 73
44 81 19
17 27 31
50 61 61
49 90 2
83 100 29
29 95 17
42 42 64
16 12 65
33 65 54
93 93 30
10 24 41
17 76 19
48 47 79
40 7 64
65 65 34
100 73 76
78 35 77
85 79 5
83 95 100
84 5 12
52 49 12
59 61 30
87 52 79
37 19 59
62 15 91
98 98 69
7 11 21
84 69 41
57 98 44
67 16 97
47 56 47
89 29 13
72 46 84
82 8 51
47 12 72
80 91 27
47 79 17
74 42 66
98 75 51
26 72 59
69 18 41
9 72 51
68 99 55
77 97 17
63 14 47
1 85 6
3 98 77
1 13 11
80 43 94
33 19 73
10 70 11
67 67 11
82 83 76
93 38 69
93 95 44
81 21 89
67 29 75
98 91 72
24 69 71
45 30 55
54 32 53
3 27 44
35 79 7
4 96 14
9 35 10
52 21 39
23 5 56
38 82 54
93 3 31
49 68 22
47 91 76
21 99 71
94 45 13
44 62 26
67 67 55
97 88 97
15 38 70
81 96 5
41 49 64
79 46 89
38 33 13
78 64 86
39 70 83
92 78 2
94 90 79
86 28 18
45 81 91
56 61 85
42 12 83
88 35 79
56 95 16 44
89 62 79 12
64 57 45 52
83 5 84 35
28 3 70 57
78 19 68 96
87 46 54 2
51 17 23 66
65 44 54 15
78 69 59 80
80 100 62 93
33 26 81 25
15 57 87 93
90 63 49 31
78 75 97 93
74 25 44 100
22 40 9 94
15 98 41 84
70 25 5 10
13 18 99 88
64 89 21 61
20 94 70 26
33 67 21 59
96 14 26 1
37 44 46 99
76 83 67 5
57 86 95 100
34 79 39 83
58 67 1 97
89 50 88 64
2 80 98 2
24 94 1 54
78 17 43 75
66 21 64 100
68 94 85 55
88 5 55 65
37 69 39 29
80 70 51 79
59 63 50 37
35 62 98 73
98 36 82 13
46 94 79 40
48 39 92 68
61 78 60 43
81 2 53 67
27 40 73 58
1 38 46 50
21 91 58 80
90 35 45 6
7 52 38 97
20 65 40 68
10 49 62 80
60 23 6 2
17 17 2 72
57 45 11 8
97 57 100 60
6 69 10 31
71 89 62 63
28 35 3 38
46 78 64 6
62 46 21 19
71 21 64 93
5 51 62 23
82 15 70 35
49 69 88 20
29 74 12 61
74 19 94 71
44 75 39 30
51 35 97 43
71 68 18 19
15 77 86 89
67 38 48 44
85 21 87 37
36 72 61 73
96 44 26 48
69 68 86 50
98 20 85 69
14 81 38 61
37 76 21 2
99 88 40 45
80 79 8 5
45 83 68 96
21 53 25 80
3 51 49 14
27 27 67 40
52 12 66 47
41 49 57 69
28 41 20 13
81 26 80 21
67 47 3 57
98 29 88 18
4 22 83 36
43 93 85 55
50 1 86 77
90 13 32 97
72 69 12 53
9 44 31 57
86 97 50 57
12 86 49 12
51 38 19 60
96 7 26 69 64
25 7 82 37 9
74 14 98 32 46
64 67 48 1 15
10 1 58 95 46
61 84 13 55 41
42 51 47 98 35
16 29 42 83 9
19 100 77 28 21
77 7 90 9 18
44 44 31 38 48
74 62 72 5 2
97 31 21 98 56
23 69 58 43 32
76 79 14 13 85
18 10 43 92 60
98 57 3 72 5
66 83 24 44 64
54 40 56 38 4
10 46 72 51 50
85 46 40 25 100
67 100 15 3 8
8 97 57 39 19
66 30 37 50 46
53 5 81 62 78
29 59 64 4 25
2 59 31 37 73
17 45 58 91 88
44 62 97 24 9
57 69 8 38 28
47 36 4 80 2
57 15 77 90 90
84 71 86 49 46
53 52 74 12 24
32 55 90 95 9
95 4 19 65 21
57 60 12 67 84
22 18 68 24 71
26 77 13 79 88
7 55 65 44 49
98 78 16 96 21
93 98 9 41 91
79 71 86 57 57
45 57 87 96 75
96 48 66 22 7
31 86 88 32 3
44 8 1 28 99
20 34 4 74 39
65 87 49 1 92
32 39 49 85 44
46 78 47 38 44
30 10 47 6 16
84 38 33 17 18
79 9 59 72 43
70 51 76 57 38
64 16 84 67 3
9 83 45 98 14
27 46 89 27 79
46 32 45 1 11
58 44 83 61 41
65 54 45 46 8
80 79 89 39 88
26 12 66 24 7
93 64 47 21 35
44 73 24 91 65
94 40 86 33 92
1 63 40 96 39
80 27 9 6 93
8 20 11 33 60
23 34 2 58 54
41 58 80 98 37
2 48 32 75 32
100 5 8 44 99
6 96 33 74 93
95 9 39 7 100
69 68 77 69 37
88 82 43 46 81
93 2 54 88 70
89 22 78 7 36
40 40 14 18 39
18 31 45 39 49
2 41 93 27 36
28 99 15 78 48
52 22 67 77 2
10 2 85 85 87
12 85 71 56 24
15 17 15 36 75
85 48 86 17 11
41 86 71 47 40
63 54 61 6 7
40 31 27 98 86
24 77 64 42 60
34 15 64 20 17
1 11 79 3 7
18 75 94 10 50
67 91 17 98 86
22 19 83 20 76
9 86 53 77 43
73 100 9 42 59
11 83 37 84 98