555 357
1
2
4
5
8
11
12
13
14
17
18
19
21
22
24
25
26
27
30
31
34
37
38
40
43
46
47
50
51
55
56
58
61
62
65
66
67
69
71
73
74
75
77
78
83
85
86
89
95
97
98
101
102
104
108
109
110
113
115
116
117
119
120
121
123
124
125
126
128
131
132
135
137
139
141
142
143
147
149
151
152
153
154
155
156
159
162
164
165
166
168
170
174
175
176
179
181
183
189
192
193
195
198
199
200
201
202
203
204
206
207
208
209
211
212
213
216
217
218
219
220
221
222
223
224
226
227
228
229
231
232
234
235
236
237
240
242
243
244
245
246
249
250
251
252
254
255
256
258
259
262
265
266
270
271
272
274
277
278
279
280
282
283
286
288
289
290
291
292
293
294
297
299
301
303
305
307
308
309
310
315
320
321
322
323
324
325
326
329
330
331
332
334
335
337
340
343
346
347
350
351
352
354
355
357
361
363
365
366
367
368
369
372
373
374
377
380
382
385
388
389
393
396
397
400
401
402
404
405
409
410
412
413
416
417
420
424
427
429
430
434
435
437
441
442
443
444
445
446
447
449
452
454
457
458
460
461
463
464
465
466
467
474
475
477
478
480
483
486
487
489
491
492
496
497
499
505
506
508
511
512
513
514
516
518
519
520
521
526
527
528
529
531
533
535
539
541
542
544
545
546
547
549
554
555
556
557
559
564
566
568
569
577
578
579
580
582
583
587
588
589
590
591
593
594
595
596
597
599
601
603
604
607
612
613
617
619
620
621
622
623
624
625
628
630
631
632
633
634
635
636
637
638
642
645
647
648
650
656
657
659
662
663
664
666
668
669
670
671
677
678
682
683
686
692
694
696
697
699
700
701
702
703
706
709
710
712
714
716
718
719
720
721
722
724
725
726
728
729
730
732
736
739
740
741
742
743
744
749
752
753
754
755
757
758
760
761
763
766
768
770
773
774
777
778
779
780
782
783
784
785
788
792
794
796
797
800
801
802
803
806
807
810
811
815
816
817
818
819
820
823
825
827
828
829
832
833
834
839
842
844
845
846
848
850
851
852
853
854
855
856
857
858
859
860
862
863
866
867
868
869
870
871
872
874
876
877
880
881
886
887
889
891
895
897
898
899
900
901
902
905
907
908
909
911
913
914
915
916
918
919
920
921
922
924
927
929
930
931
932
933
935
937
938
942
943
945
947
948
950
951
952
959
961
962
963
965
967
971
980
981
982
983
985
986
987
989
990
991
992
993
994
997
998
999
