834 406
1
2
3
4
5
6
7
8
9
10
12
13
15
16
17
18
19
20
21
22
23
25
26
27
29
30
31
32
33
34
35
36
38
39
40
41
42
43
45
46
47
48
49
50
52
54
55
58
59
60
61
62
63
66
69
70
72
73
74
75
76
77
78
79
80
81
83
84
85
87
88
89
91
92
93
95
98
99
100
101
102
103
104
105
106
107
108
109
110
111
113
114
115
116
118
119
120
122
123
124
125
126
127
129
130
131
132
133
134
135
136
137
138
139
140
141
142
143
144
145
148
149
150
151
152
153
154
155
156
157
158
159
160
161
162
163
164
165
167
168
169
170
171
172
173
174
175
176
177
178
179
180
181
182
183
184
185
186
187
188
189
190
191
193
195
196
197
199
201
202
203
204
206
207
208
209
211
212
214
216
217
219
220
222
223
224
225
229
230
231
232
233
235
236
237
238
239
240
241
242
243
244
245
246
247
248
249
251
254
255
257
258
259
260
261
263
264
265
266
267
268
269
270
271
272
274
275
276
277
278
279
281
282
283
284
285
286
287
288
289
290
292
293
294
295
296
297
298
299
300
301
302
303
304
305
306
307
308
309
310
311
312
313
315
316
317
318
319
320
321
322
323
324
326
328
329
330
331
333
334
335
336
337
340
341
342
343
344
345
346
348
349
350
352
354
355
356
357
358
359
363
364
367
369
370
371
372
373
374
375
376
377
378
379
380
382
385
386
387
388
389
390
391
392
393
394
395
396
397
398
399
401
402
403
404
406
407
410
411
412
413
414
415
416
417
418
419
420
421
422
423
424
425
426
429
430
432
433
434
435
436
437
439
440
441
442
443
444
445
446
447
448
449
450
452
453
454
455
459
460
462
463
464
466
469
470
471
472
473
474
477
478
480
481
482
483
484
485
486
487
488
489
490
491
492
493
494
496
497
498
499
501
502
503
504
505
506
507
508
509
510
511
512
513
515
516
517
518
519
520
521
522
523
524
525
526
527
528
529
531
532
533
534
535
536
537
538
539
540
541
542
543
545
547
548
550
551
552
553
554
555
556
557
558
559
561
564
565
566
567
568
570
572
573
574
575
577
578
579
580
581
582
583
584
585
586
587
588
589
590
591
592
593
594
595
596
597
598
599
600
601
602
603
604
605
606
607
609
610
611
612
613
614
615
617
618
619
620
621
622
624
626
627
628
629
630
631
632
633
635
636
637
638
639
640
641
642
643
644
646
647
648
649
651
653
654
655
656
657
659
661
663
664
665
666
667
669
670
671
672
673
674
675
676
677
678
680
681
682
684
686
687
688
689
690
691
692
694
695
696
697
698
699
700
701
702
703
704
705
706
708
709
710
711
712
713
715
717
720
721
722
723
725
726
728
729
730
731
732
733
734
735
736
739
740
743
744
745
746
747
748
749
750
751
752
753
755
756
757
758
759
760
761
762
764
765
766
767
768
769
771
772
774
775
776
777
778
779
780
781
782
783
784
785
786
787
788
789
790
791
792
793
794
795
797
798
799
800
801
802
803
804
805
806
807
808
809
811
812
814
815
817
819
820
821
822
823
824
825
826
828
829
830
831
832
833
834
835
836
837
838
839
840
841
842
843
844
845
847
850
851
853
854
855
856
857
858
859
860
861
862
863
864
865
866
867
868
869
870
871
872
874
875
876
877
878
879
881
882
883
885
886
887
889
890
891
892
893
894
895
896
898
899
901
902
903
904
906
907
908
910
911
912
914
915
917
919
920
921
922
923
924
926
927
928
929
930
931
933
934
935
937
938
939
940
941
942
945
946
947
948
950
951
952
953
954
955
956
957
958
960
961
962
963
964
965
966
968
969
970
972
973
974
977
978
979
980
981
982
984
985
986
988
989
990
991
992
993
994
995
996
997
998
999
